1353.03
1366.94
1377.93
1387.7
1375.49
1366.46
1345.21
1345.21
1345.46
1342.77
1351.81
1366.21
1382.57
1422.36
1434.33
1447.75
1436.52
1441.65
1427.98
1413.82
1387.94
1361.82
1327.88
1308.11
1307.86
1339.36
1346.68
1344.24
1354.74
1374.76
1422.61
1437.99
1442.63
1428.22
1372.07
1377.93
1393.07
1392.09
1378.42
1352.54
1350.59
1372.07
1373.54
1350.1
1302.73
1259.28
1306.15
1333.25
1332.28
1321.04
1318.85
1345.95
1403.08
1427.25
1409.91
1386.72
1386.96
1406.49
1385.74
1307.62
1263.43
1232.42
1222.17
1261.72
1257.81
1264.65
1280.76
1316.65
1388.92
1415.77
1399.41
1364.01
1360.84
1358.64
1340.82
1273.68
1239.26
1220.46
1219.24
1268.31
1284.42
1279.54
1298.58
1326.66
1381.1
1388.18
1367.92
1345.95
1336.43
1310.06
1305.66
1264.4
1252.44
1266.6
1289.06
1308.59
1321.78
1329.1
1338.62
1342.04
1353.76
1355.96
1345.46
1344.24
1340.09
1323.73
1319.58
1329.35
1337.65
1338.13
1348.63
1340.09
1351.07
1355.96
1358.15
1349.61
1336.67
1344.73
1363.77
1389.65
1382.57
1368.16
1373.05
1381.35
1376.71
1349.85
1332.28
1329.1
1343.99
1354.25
1355.47
1354.74
1349.61
1359.13
1392.09
1411.38
1423.34
1385.01
1375.98
1385.74
1389.89
1375.98
1360.84
1354.49
1364.99
1360.84
1363.77
1367.19
1364.99
1358.4
1364.75
1366.94
1347.41
1317.63
1313.48
1318.85
1324.71
1346.44
1360.35
1381.59
1396.73
1395.75
1398.19
1393.31
1370.36
1354.25
1320.31
1317.63
1304.69
1280.52
1268.07
1252.69
1266.6
1290.53
1301.51
1324.71
1352.54
1366.21
1370.85
1354.98
1326.66
1308.84
1290.04
1297.12
1328.61
1318.85
1300.54
1285.4
1295.17
1327.15
1339.11
1323.97
1310.3
1308.11
1308.11
1296.88
1271.24
1267.82
1271.73
1270.02
1284.91
1298.58
1306.4
1325.93
1333.5
1327.39
1328.37
1334.47
1345.46
1351.56
1337.4
1315.43
1296.63
1299.07
1337.16
1345.46
1328.86
1304.44
1298.83
1308.59
1321.04
1310.79
1309.57
1304.44
1326.42
1345.46
1371.09
1363.04
1400.15
1393.07
1411.38
1395.02
1385.25
1362.3
1367.19
1375.49
1356.93
1310.79
1306.88
1316.89
1342.53
1359.86
1382.32
1384.28
1389.4
1402.59
1423.1
1423.83
1388.67
1388.43
1392.82
1398.19
1382.08
1354.98
1343.75
1362.06
1372.31
1396.0
1392.09
1389.16
1387.21
1388.67
1386.96
1393.8
1378.91
1376.22
1390.87
1413.09
1411.38
1394.29
1378.42
1378.91
1373.05
1359.62
1338.38
1332.28
1338.38
1338.38
1344.48
1345.46
1365.23
1359.86
1393.07
1413.09
1408.94
1387.94
1369.38
1353.27
1352.54
1338.13
1324.71
1311.04
1300.05
1293.7
1291.5
1296.63
1323.24
1329.35
1349.61
1354.49
1364.99
1342.04
1334.96
1324.95
1331.05
1336.67
1322.02
1312.01
1317.14
1322.75
1317.14
1304.44
1296.14
1287.6
1295.9
1288.09
1272.46
1281.74
1296.63
1306.4
1301.03
1310.79
1332.52
1334.47
1337.89
1327.39
1330.81
1323.97
1314.45
1313.23
1298.83
1278.32
1271.73
1290.53
1303.71
1303.71
1299.56
1292.24
1312.99
1367.92
1401.37
1388.43
1352.05
1336.67
1343.51
1341.55
1325.2
1274.9
1268.07
1300.29
1320.56
1334.47
1324.22
1314.94
1327.39
1382.57
1423.83
1417.48
1391.6
1379.64
1394.78
1402.83
1361.82
1311.28
1294.43
1317.63
1325.2
1314.21
1301.76
1305.18
1323.49
1383.06
1388.67
1385.25
1371.83
1393.31
1424.56
1426.27
1392.09
1391.6
1392.58
1428.96
1398.68
1325.68
1307.62
1296.88
1309.33
1311.52
1302.49
1299.56
1333.5
1368.16
1374.02
1362.55
1372.56
1406.01
1428.96
1437.5
1421.88
1350.59
1335.69
1347.17
1348.88
1274.66
1237.55
1259.28
1324.95
1333.25
1318.12
1301.76
1309.81
1343.02
1390.87
1378.91
1344.24
1321.29
1332.28
1333.98
1325.93
1283.2
1280.27
1311.28
1346.68
1342.77
1297.85
1287.35
1315.67
1337.65
1334.72
1316.16
1307.13
1319.58
1325.2
1327.39
1312.99
1281.74
1295.9
1307.13
1315.19
1318.85
1306.4
1322.51
1345.21
1356.2
1344.24
1322.27
1320.56
1339.11
1338.62
1319.82
1301.03
1306.4
1329.59
1334.96
1325.2
1323.97
1327.64
1345.21
1396.48
1399.66
1378.66
1375.73
1381.59
1392.58
1364.01
1323.49
1324.22
1344.24
1345.46
1339.84
1302.0
1311.77
1348.14
1386.47
1414.31
1407.23
1398.93
1432.86
1454.59
1441.65
1421.14
1387.45
1373.05
1370.12
1362.79
1323.24
1303.71
1308.84
1338.38
1352.05
1365.48
1371.09
1374.51
1409.42
1420.41
1435.55
1423.83
1403.32
1404.05
1421.63
1421.88
1433.35
1391.36
1368.9
1345.95
1347.66
1343.02
1333.74
1290.77
1285.89
1302.25
1332.76
1325.2
1319.09
1334.96
1381.1
1406.25
1430.18
1408.45
1388.43
1396.73
1408.69
1416.02
1383.79
1307.62
1270.02
1282.23
1300.54
1291.5
1232.18
1218.51
1255.86
1286.62
1309.33
1301.51
1295.41
1345.7
1374.76
1406.74
1397.95
1371.83
1358.89
1368.16
1350.83
1348.88
1287.11
1250.24
1220.95
1234.38
1231.69
1222.9
1223.39
1250.0
1273.44
1321.29
1323.97
1325.93
1324.71
1366.94
1384.28
1385.99
1346.19
1330.81
1302.98
1284.67
1276.12
1277.34
1261.47
1261.23
1256.84
1282.71
1278.32
1310.79
1315.19
1342.29
1329.83
1342.04
1368.16
1385.01
1379.64
1372.07
1354.25
1355.22
1352.29
1335.45
1322.75
1294.68
1281.25
1285.4
1284.91
1284.91
1308.11
1342.53
1382.32
1404.05
1393.07
1381.35
1403.08
1421.88
1423.34
1388.67
1367.43
1338.62
1351.07
1352.78
1350.83
1331.54
1326.66
1328.37
1347.17
1344.48
1330.08
1323.49
1340.33
1373.05
1392.58
1393.31
1410.16
1415.77
1417.72
1434.81
1440.92
1431.4
1395.26
1383.06
1361.57
1341.06
1312.26
1296.63
1277.59
1285.16
1290.04
1300.29
1298.83
1312.99
1338.62
1387.7
1406.98
1426.76
1431.88
1429.2
1429.93
1437.01
1443.36
1424.32
1339.36
1313.96
1291.26
1268.07
1253.66
1216.8
1220.7
1249.76
1283.2
1306.64
1336.18
1355.71
1407.23
1429.93
1450.2
1433.11
1390.38
1363.53
1363.53
1328.37
1289.06
1236.08
1237.55
1251.22
1275.15
1281.01
1279.54
1279.79
1324.46
1352.05
1388.67
1375.24
1321.29
1311.77
1331.05
1360.35
1356.2
1341.8
1348.39
1348.63
1365.23
1351.07
1335.69
1298.83
1288.33
1283.69
1296.39
1307.13
1325.2
1321.78
1323.97
1367.19
1393.07
1415.77
1412.6
1372.8
1365.97
1374.76
1370.12
1310.3
1278.08
1286.62
1337.89
1352.54
1345.46
1337.4
1378.17
1439.45
1444.82
1420.41
1396.97
1402.83
1404.79
1396.48
1378.17
1332.76
1326.42
1329.83
1333.01
1343.26
1339.84
1343.51
1368.41
1387.21
1392.09
1404.05
1403.08
1413.57
1425.05
1420.9
1415.28
1391.85
1382.81
1374.51
1343.75
1331.05
1298.34
1293.21
1322.51
1318.12
1346.68
1359.62
1376.71
1403.32
1414.06
1377.44
1366.21
1356.2
1345.7
1330.32
1295.65
1280.03
1272.95
1281.74
1304.2
1308.84
1345.46
1382.81
1409.67
1402.1
1384.28
1351.81
1348.88
1323.49
1270.02
1251.95
1209.23
1200.44
1223.14
1233.64
1252.2
1260.01
1303.96
1365.48
1382.08
1391.36
1386.72
1367.92
1364.26
1356.45
1326.17
1285.64
1250.49
1244.87
1243.9
1239.01
1213.13
1202.15
1220.95
1266.6
1288.33
1296.88
1299.07
1323.49
1345.95
1392.33
1397.22
1392.82
1386.72
1379.64
1378.91
1356.45
1282.23
1246.58
1211.18
1239.26
1251.46
1262.21
1269.78
1291.02
1316.41
1363.53
1391.85
1396.73
1416.5
1420.65
1432.62
1430.91
1369.87
1328.61
1328.61
1353.76
1368.41
1344.24
1333.25
1327.88
1329.35
1350.59
1365.23
1377.2
1368.41
1372.31
1393.55
1393.55
1382.57
1370.12
1397.95
1442.63
1444.82
1423.58
1400.88
1397.71
1390.63
1365.48
1362.55
1345.95
1340.33
1345.95
1349.61
1363.28
1381.59
1392.58
1404.05
1401.37
1403.08
1405.27
1414.79
1410.89
1396.73
1352.54
1350.34
1375.98
1371.34
1351.32
1328.86
1324.46
1350.59
1347.9
1333.01
1329.59
1344.48
1366.94
1380.13
1378.42
1365.72
1350.1
1353.03
1372.31
1364.99
1346.92
1322.27
1326.66
1337.65
1332.28
1308.84
1298.34
1328.13
1351.81
1346.44
1307.13
1289.06
1279.54
1293.46
1306.4
1295.65
1302.0
1297.61
1322.51
1344.24
1353.03
1339.36
1328.86
1348.14
1361.08
1359.38
1321.78
1311.04
1290.77
1277.83
1260.5
1247.56
1243.9
1259.77
1283.2
1318.36
1324.95
1335.69
1342.77
1373.78
1391.36
1379.15
1361.08
1350.59
1350.1
1352.05
1330.57
1294.43
1283.2
1304.2
1304.93
1303.71
1293.46
1283.94
1301.03
1343.99
1375.49
1370.61
1370.12
1371.09
1409.91
1420.17
1403.56
1385.01
1362.3
1366.94
1357.42
1312.26
1297.12
1290.28
1307.13
1338.62
1340.58
1337.16
1338.62
1349.37
1402.34
1414.55
1432.13
1422.12
1405.03
1404.79
1412.11
1379.64
1360.35
1326.66
1319.34
1317.14
1325.44
1333.01
1320.31
1321.53
1343.51
1358.15
1372.31
1369.14
1363.77
1389.89
1412.11
1419.92
1402.83
1381.1
1373.05
1358.15
1335.21
1316.89
1291.02
1279.3
1284.18
1298.83
1324.95
1324.46
1311.77
1343.99
1360.35
1373.54
1367.43
1336.18
1339.6
1339.6
1355.96
1345.95
1328.86
1323.97
1327.39
1342.77
1340.33
1335.94
1293.7
1273.68
1281.25
1274.66
1266.36
1248.78
1256.1
1286.38
1298.1
1300.54
1316.41
1332.52
1360.35
1374.27
1380.37
1379.88
1345.21
1321.29
1300.05
1272.22
1266.85
1264.89
1266.85
1294.43
1300.05
1293.95
1296.39
1314.7
1336.18
1338.13
1343.99
1338.13
1343.51
1342.77
1346.68
1342.77
1349.12
1378.42
1395.75
1362.79
1361.33
1314.45
1314.45
1313.48
1322.75
1317.14
1326.66
1328.37
1333.74
1346.44
1337.4
1346.92
1363.77
1388.92
1406.49
1401.12
1392.09
1375.98
1366.94
1375.73
1385.5
1390.38
1376.71
1373.05
1378.66
1378.42
1372.07
1364.99
1352.29
1347.41
1343.26
1348.88
1353.27
1366.21
1386.47
1394.78
1411.87
1419.43
1418.7
1429.2
1416.5
1407.47
1377.93
1357.42
1349.37
1351.07
1358.15
1363.53
1347.66
1337.65
1352.05
1356.2
1363.28
1370.85
1374.51
1372.56
1364.5
1377.2
1371.83
1365.48
1355.22
1369.14
1372.56
1367.43
1354.74
1340.82
1316.65
1316.16
1330.81
1333.74
1333.5
1326.9
1327.88
1329.59
1325.93
1333.74
1353.52
1358.64
1363.53
1346.44
1327.64
1297.36
1302.98
1305.91
1295.9
1291.26
1298.1
1315.19
1345.95
1349.12
1327.64
1313.72
1332.52
1351.56
1364.01
1329.1
1308.35
1281.74
1283.2
1281.98
1285.89
1291.99
1307.37
1323.73
1344.24
1347.17
1345.95
1351.32
1348.63
1343.02
1335.94
1326.66
1323.24
1324.71
1327.64
1320.8
1309.81
1315.67
1336.91
1348.14
1344.73
1338.62
1341.8
1349.85
1349.37
1359.62
1360.11
1367.92
1371.58
1367.43
1360.84
1343.75
1341.55
1348.39
1347.9
1339.6
1327.15
1326.42
1332.52
1343.26
1343.75
1359.86
1374.76
1403.08
1410.16
1396.97
1375.49
1358.4
1381.59
1380.37
1364.01
1351.81
1342.29
1344.48
1355.47
1335.94
1336.91
1348.63
1358.4
1368.65
1377.2
1381.1
1373.29
1361.08
1343.02
1343.26
1343.75
1353.27
1335.69
1339.36
1349.61
1334.23
1318.12
1331.05
1343.26
1349.61
1351.81
1335.21
1327.15
1312.26
1298.83
1303.22
1324.22
1331.54
1335.69
1330.81
1330.81
1320.07
1319.58
1322.75
1335.94
1330.81
1332.76
1308.35
1294.19
1278.32
1270.02
1286.13
1306.15
1312.01
1321.04
1302.98
1320.31
1328.86
1333.74
1319.09
1309.81
1324.95
1323.0
1324.95
1316.65
1271.0
1258.54
1278.56
1295.41
1309.57
1314.21
1316.89
1339.36
1336.67
1349.85
1347.9
1349.37
1354.74
1353.52
1352.54
1344.97
1317.14
1305.66
1302.73
1308.84
1323.24
1329.35
1326.42
1343.75
1358.15
1376.95
1371.34
1372.56
1389.16
1407.23
1397.71
1385.74
1373.78
1382.32
1391.11
1382.57
1373.29
1350.34
1361.57
1383.54
1378.66
1345.46
1347.41
1367.19
1390.87
1402.59
1385.25
1381.59
1398.93
1412.35
1395.02
1385.99
1403.81
1433.11
1439.45
1402.83
1390.14
1390.38
1399.17
1410.64
1379.64
1374.51
1336.43
1339.11
1374.02
1379.88
1363.28
1326.42
1332.03
1409.91
1439.45
1433.59
1397.95
1367.43
1410.4
1432.13
1407.71
1369.38
1315.43
1320.56
1346.92
1343.26
1321.78
1283.2
1286.13
1334.96
1348.88
1338.38
1322.02
1327.15
1359.13
1362.79
1350.34
1344.24
1354.98
1371.09
1365.23
1350.34
1299.56
1288.57
1284.18
1291.5
1279.05
1250.49
1248.29
1268.55
1303.22
1303.22
1285.4
1284.67
1319.58
1345.21
1351.81
1353.52
1333.98
1331.3
1335.94
1335.94
1323.24
1294.92
1276.12
1262.21
1252.44
1252.44
1239.5
1233.89
1246.34
1250.49
1270.75
1290.04
1322.75
1370.61
1378.66
1374.27
1382.81
1377.69
1397.95
1393.8
1339.36
1286.62
1242.68
1233.15
1240.97
1238.53
1232.42
1223.39
1257.08
1328.61
1357.67
1358.4
1375.0
1415.53
1457.28
1466.8
1437.74
1397.46
1378.17
1356.45
1354.0
1331.3
1282.23
1262.45
1276.37
1307.13
1305.91
1305.42
1323.24
1374.51
1406.01
1399.41
1387.94
1387.94
1432.37
1446.29
1439.94
1432.86
1427.0
1421.39
1393.31
1365.48
1359.62
1325.44
1300.54
1279.54
1287.11
1295.65
1302.49
1324.46
1362.06
1368.16
1380.13
1413.09
1452.88
1473.63
1447.51
1424.56
1420.41
1406.98
1395.26
1346.44
1323.97
1300.54
1301.76
1294.92
1286.13
1261.96
1266.6
1283.45
1337.4
1344.97
1342.77
1356.45
1384.03
1431.88
1447.02
1408.69
1394.78
1367.68
1368.16
1347.66
1313.48
1301.27
1282.96
1258.79
1258.54
1242.92
1252.44
1248.54
1298.1
1352.54
1369.14
1351.07
1342.53
1331.3
1357.67
1374.51
1377.93
1364.01
1355.22
1360.11
1348.14
1338.87
1305.18
1268.07
1263.92
1267.33
1275.15
1258.3
1251.71
1266.36
1285.64
1321.04
1359.13
1383.06
1405.27
1414.06
1421.88
1419.92
1404.79
1384.03
1382.81
1339.84
1312.5
1264.16
1252.2
1233.89
1246.09
1280.03
1325.68
1356.45
1402.59
1404.54
1381.84
1388.67
1417.24
1415.28
1410.4
1404.3
1392.58
1383.06
1378.91
1347.17
1339.36
1316.65
1315.43
1315.92
1319.82
1323.49
1321.53
1337.65
1383.54
1404.3
1408.94
1396.0
1409.42
1433.84
1429.44
1398.93
1372.07
1344.73
1353.03
1352.29
1354.74
1337.65
1317.87
1311.28
1343.75
1357.67
1363.77
1351.56
1358.4
1384.03
1394.78
1351.32
1341.55
1321.78
1332.28
1345.95
1368.16
1358.64
1375.24
1379.88
1387.45
1378.66
1357.91
1323.24
1320.31
1306.15
1300.29
1247.07
1234.86
1233.89
1293.21
1295.65
1323.24
1331.3
1373.05
1391.85
1410.16
1410.16
1392.09
1363.04
1343.75
1309.33
1294.92
1239.5
1221.19
1208.98
1238.53
1251.71
1268.55
1265.63
1275.63
1291.75
1338.87
1350.83
1361.82
1370.85
1389.89
1389.89
1383.54
1333.98
1313.48
1300.29
1299.07
1296.88
1265.38
1244.38
1239.5
1262.21
1314.45
1314.21
1290.53
1305.18
1330.32
1390.14
1369.14
1351.81
1330.57
1380.62
1415.28
1430.42
1388.92
1372.31
1344.97
1354.98
1381.84
1367.43
1301.03
1271.48
1287.84
1334.72
1326.42
1278.32
1263.18
1327.15
1379.39
1458.5
1439.94
1413.82
1434.57
1464.6
1485.11
1456.3
1365.97
1329.1
1350.83
1349.85
1339.84
1290.28
1288.82
1349.61
1375.73
1376.46
1349.37
1359.62
1403.32
1417.97
1431.64
1422.12
1405.27
1395.51
1420.17
1424.32
1416.26
1342.53
1320.31
1318.12
1345.95
1333.98
1295.9
1294.19
1322.27
1340.09
1383.3
1375.73
1357.18
1400.63
1428.47
1430.42
1417.24
1342.77
1331.54
1337.89
1341.31
1333.5
1268.07
1250.73
1269.53
1293.21
1302.49
1300.29
1297.36
1339.84
1356.2
1375.98
1358.4
1330.57
1320.8
1359.13
1376.46
1343.26
1284.67
1280.27
1312.5
1323.0
1292.24
1264.16
1243.16
1299.07
1312.99
1313.23
1285.16
1271.48
1289.06
1351.81
1373.78
1356.2
1311.28
1321.04
1359.86
1374.02
1332.52
1305.42
1292.24
1336.18
1343.99
1311.77
1288.09
1267.58
1279.3
1329.83
1341.06
1312.26
1312.26
1333.01
1393.31
1380.86
1342.77
1336.43
1375.0
1406.49
1425.54
1380.37
1350.83
1327.39
1338.38
1333.01
1315.67
1274.66
1328.86
1366.21
1390.63
1385.99
1367.43
1371.34
1406.98
1432.62
1414.55
1358.89
1345.7
1351.07
1342.29
1325.44
1317.87
1337.89
1399.66
1417.24
1437.5
1426.03
1379.39
1388.67
1423.58
1426.51
1379.15
1298.1
1285.4
1307.62
1318.6
1315.19
1320.31
1336.67
1385.01
1394.53
1411.62
1392.58
1381.84
1374.76
1377.69
1375.49
1342.77
1326.42
1338.62
1373.78
1371.83
1327.39
1309.81
1313.48
1359.62
1360.11
1304.69
1270.75
1258.06
1288.57
1326.17
1325.68
1333.74
1320.07
1321.78
1365.23
1380.37
1358.15
1335.21
1321.29
1332.76
1336.67
1306.4
1294.92
1269.04
1284.67
1278.81
1275.15
1276.61
1288.57
1289.79
1279.3
1277.1
1287.6
1298.83
1328.61
1340.82
1350.83
1342.77
1340.58
1341.55
1347.9
1349.12
1338.38
1301.27
1268.8
1252.93
1234.38
1254.15
1275.39
1296.39
1331.54
1343.75
1363.04
1371.34
1370.12
1341.55
1334.96
1352.05
1353.52
1362.3
1330.32
1310.79
1301.03
1321.29
1346.44
1374.51
1379.15
1375.49
1381.1
1397.95
1387.21
1346.19
1326.66
1329.59
1331.3
1330.81
1304.69
1328.13
1384.03
1400.88
1390.63
1384.52
1395.51
1415.28
1420.17
1404.3
1387.7
1379.39
1388.67
1402.59
1397.71
1361.57
1353.03
1350.34
1348.14
1340.33
1316.89
1327.15
1358.15
1376.95
1394.29
1404.3
1415.04
1448.73
1454.35
1450.93
1436.04
1407.23
1351.56
1330.32
1327.64
1317.87
1293.95
1282.96
1289.55
1297.61
1323.49
1363.04
1395.02
1434.33
1437.5
1421.14
1422.12
1414.06
1404.05
1347.9
1319.82
1309.33
1296.63
1289.31
1267.82
1267.33
1276.61
1308.35
1319.82
1348.39
1354.25
1352.05
1361.82
1366.94
1361.33
1348.14
1336.67
1328.37
1314.21
1290.28
1269.04
1257.08
1270.75
1287.84
1288.82
1296.14
1301.51
1335.45
1351.56
1341.55
1331.05
1317.63
1337.89
1345.7
1326.17
1308.35
1282.23
1281.74
1301.27
1297.12
1283.2
1278.32
1297.36
1334.47
1342.04
1325.68
1322.51
1331.05
1353.52
1368.41
1346.68
1346.68
1344.48
1337.65
1337.89
1337.4
1323.97
1307.62
1318.6
1350.34
1354.74
1315.92
1302.73
1325.68
1369.14
1376.95
1366.94
1361.33
1369.14
1376.71
1407.71
1402.1
1377.93
1370.36
1378.66
1378.42
1362.55
1320.31
1304.93
1316.89
1330.08
1324.46
1311.77
1319.58
1395.26
1422.85
1437.26
1417.72
1398.93
1417.24
1420.65
1397.71
1372.07
1331.79
1313.48
1315.43
1321.78
1321.78
1323.49
1340.33
1379.64
1394.53
1379.15
1365.72
