1027.34
1090.58
1134.77
1337.89
1605.22
1634.77
1496.58
1525.63
1745.61
1793.21
1458.01
1267.82
1188.48
1303.71
1242.68
1119.63
1055.42
1026.86
1105.71
1261.96
1312.26
1323.24
1444.34
1537.11
1653.08
1674.07
1565.43
1515.87
1523.68
1583.5
1478.76
1189.7
1095.7
1233.89
1302.98
1253.66
1231.69
1208.74
1218.51
1196.78
1301.27
1401.37
1483.64
1514.4
1480.71
1569.09
1564.45
1508.06
1442.38
1376.22
1376.22
1291.26
1226.07
1103.27
1065.19
1075.2
1133.79
1137.7
1185.3
1189.45
1235.11
1298.34
1415.77
1540.04
1519.53
1539.31
1518.31
1532.23
1446.78
1323.73
1237.3
1251.71
1178.71
1152.34
1078.61
1066.16
1064.94
1134.03
1273.19
1412.35
1412.84
1570.07
1613.53
1702.64
1637.21
1497.07
1492.68
1464.6
1363.04
1244.38
1156.01
1166.99
1161.13
1181.64
1217.29
1281.74
1285.4
1354.25
1432.62
1554.69
1575.44
1545.65
1527.59
1536.13
1444.58
1368.9
1346.92
1333.98
1366.21
1295.41
1206.54
1162.11
1143.31
1160.4
1201.66
1278.32
1309.57
1323.49
1365.48
1348.63
1355.47
1364.5
1464.6
1478.27
1461.67
1404.05
1397.22
1330.81
1296.88
1247.31
1258.3
1221.44
1221.92
1208.5
1213.38
1191.65
1220.7
1246.09
1373.05
1415.53
1445.31
1480.96
1515.63
1569.09
1563.72
1505.13
1460.69
1441.16
1397.95
1288.57
1203.61
1147.95
1190.43
1201.66
1264.65
1323.49
1334.23
1351.07
1433.11
1547.12
1644.29
1553.47
1540.77
1588.62
1520.75
1322.27
1205.08
1180.66
1208.01
1214.84
1183.35
1218.26
1267.33
1339.84
1361.33
1354.49
1432.86
1472.9
1433.84
1390.87
1376.22
1393.31
1333.98
1248.05
1240.23
1250.49
1203.86
1177.98
1163.09
1166.99
1229.25
1260.5
1337.65
1417.97
1432.62
1458.01
1453.86
1494.87
1486.82
1422.36
1342.77
1372.56
1374.51
1337.16
1205.32
1160.89
1192.63
1217.29
1151.86
1174.07
1233.64
1471.92
1469.73
1409.42
1435.06
1567.87
1640.14
1694.09
1655.03
1603.27
1448.49
1401.12
1328.13
1288.82
1141.6
1032.71
1008.54
1012.21
993.16
1037.84
1127.44
1398.93
1511.23
1549.32
1654.79
1708.74
1821.04
1745.12
1562.26
1479.49
1385.74
1151.12
1033.69
901.12
906.98
860.35
866.46
910.16
992.19
1242.92
1476.07
1609.86
1678.22
1660.16
1597.41
1619.38
1675.54
1534.67
1432.13
1276.86
1222.41
1115.48
1024.41
937.5
934.81
1071.29
1258.79
1331.79
1420.17
1433.59
1498.54
1538.33
1659.91
1660.16
1606.93
1479.0
1470.95
1380.62
1313.96
1200.68
1223.88
1367.92
1300.05
1220.21
1210.45
1235.84
1321.29
1336.43
1465.58
1488.77
1442.63
1375.73
1420.17
1495.85
1504.15
1403.56
1403.81
1412.11
1320.8
1217.29
1212.4
1205.81
1228.76
1210.45
1146.24
1124.76
1127.44
1253.66
1351.32
1428.22
1435.3
1460.21
1507.08
1633.54
1503.66
1488.04
1247.8
1175.05
1119.87
1081.3
1087.16
1011.96
1043.21
1235.11
1340.58
1363.53
1428.71
1527.83
1657.23
1745.85
1525.39
1465.82
1489.75
1471.92
1262.45
1171.63
1098.88
1071.78
1045.41
1210.21
1293.46
1367.92
1391.6
1498.54
1633.06
1698.49
1702.39
1682.62
1565.92
1467.53
1339.84
1332.03
1230.47
1177.73
1090.09
1090.82
1114.26
1173.1
1178.47
1187.74
1275.39
1459.23
1520.51
1502.44
1498.29
1566.65
1599.37
1587.16
1409.67
1414.55
1393.55
1259.03
1181.4
1132.32
1081.54
991.21
958.25
1000.49
1034.67
1098.88
1267.09
1438.48
1620.85
1657.23
1613.04
1604.0
1703.61
1715.58
1654.3
1371.34
1298.1
1177.49
1111.33
1053.96
1063.48
1030.52
1044.92
1103.27
1317.38
1305.18
1295.9
1379.15
1702.39
1786.13
1714.11
1578.86
1595.95
1693.12
1682.13
1442.38
1301.03
1160.16
1185.79
1181.64
1116.7
1108.4
1077.88
1071.78
1177.49
1247.07
1397.71
1525.63
1609.38
1675.05
1646.24
1573.73
1522.71
1487.79
1361.57
1306.88
1170.17
1117.92
1009.03
997.8
1046.39
1097.66
1187.5
1325.2
1354.98
1384.52
1388.67
1501.71
1522.71
1488.04
1459.23
1479.49
1426.03
1366.21
1217.77
1204.1
1282.71
1268.55
1117.43
1110.35
1148.19
1327.64
1342.04
1392.09
1412.84
1482.42
1516.36
1546.63
1513.92
1464.11
1467.29
1443.85
1371.34
1321.04
1177.25
1140.38
1193.85
1291.02
1274.66
1183.11
1221.19
1430.66
1458.98
1461.67
1488.77
1517.33
1528.08
1491.46
1345.46
1290.04
1287.6
1311.52
1292.97
1200.93
1142.33
1141.6
1142.58
1171.63
1214.6
1273.68
1309.08
1399.66
1468.02
1458.5
1373.78
1399.66
1552.49
1506.1
1382.57
1183.84
1156.49
1241.46
1212.65
1106.45
1131.59
1244.38
1274.41
1256.1
1361.57
1429.69
1457.03
1500.73
1491.94
1621.58
1529.3
1447.51
1407.23
1374.51
1346.19
1243.9
1237.06
1303.96
1290.04
1243.41
1218.99
1289.55
1383.3
1457.76
1476.81
1580.81
1573.49
1534.42
1508.54
1527.1
1565.67
1427.49
1335.21
1236.57
1192.14
1133.06
1073.97
1098.14
1185.3
1240.23
1336.18
1364.75
1433.59
1518.8
1570.8
1635.5
1625.49
1519.29
1474.61
1369.14
1247.31
1192.14
1060.06
1034.67
1021.73
1053.47
1112.06
1151.37
1244.87
1417.24
1436.28
1558.59
1536.62
1608.4
1557.62
1515.63
1410.16
1429.2
1374.02
1321.29
1215.82
1235.35
1223.39
1218.51
1145.51
1273.93
1335.94
1422.61
1402.59
1428.71
1416.5
1445.56
1450.93
1489.75
1462.4
1443.12
1406.98
1428.22
1388.67
1373.54
1297.61
1360.35
1391.11
1377.93
1299.8
1203.13
1190.19
1226.07
1259.52
1304.44
1368.65
1379.64
1360.11
1370.12
1380.13
1402.1
1431.15
1428.96
1421.14
1352.54
1286.62
1218.51
1196.29
1206.54
1189.94
1225.59
1264.16
1248.54
1152.1
1151.12
1308.59
1383.3
1419.19
1363.04
1320.56
1291.99
1303.22
1385.25
1376.22
1352.54
1343.99
1409.18
1367.92
1364.01
1368.9
1413.57
1484.86
1450.93
1378.17
1357.18
1332.52
1196.29
1137.45
1167.24
1141.6
1235.35
1221.19
1389.4
1481.2
1546.63
1453.37
1468.02
1545.41
1629.88
1661.38
1486.82
1417.97
1363.77
1317.63
1248.29
1143.07
1061.77
1055.91
1118.9
1166.02
1202.39
1265.14
1320.8
1382.08
1440.67
1469.24
1549.8
1487.3
1465.82
1461.91
1516.6
1443.6
1306.4
1252.44
1326.42
1244.87
1175.29
1116.94
1144.29
1089.84
1094.97
1221.68
1282.71
1258.3
1291.75
1365.48
1571.78
1601.56
1567.38
1617.92
1731.45
1555.42
1435.79
1380.62
1407.47
1278.81
1198.49
1161.87
1206.05
1127.2
1077.64
1109.86
1310.79
1355.22
1443.6
1404.3
1489.99
1656.74
1757.57
1622.56
1540.53
1429.93
1444.58
1444.34
1358.89
1268.07
1256.1
1252.69
1184.33
1120.85
1101.07
1125.49
1218.02
1345.7
1435.3
1417.48
1376.71
1325.93
1379.15
1450.2
1430.18
1397.71
1383.06
1361.57
1343.75
1292.24
1188.96
1177.25
1240.72
1219.97
1257.08
1229.49
1254.88
1242.68
1291.02
1332.76
1331.54
1359.13
1482.18
1522.95
1506.84
1442.87
1443.12
1419.43
1383.54
1372.8
1307.62
1247.8
1233.89
1260.01
1263.43
1258.79
1263.92
1365.48
1494.87
1475.1
1412.35
1395.75
1499.51
1548.83
1581.05
1531.01
1355.96
1231.2
1247.8
1281.25
1297.61
1279.54
1254.64
1343.75
1349.37
1296.88
1218.02
1211.91
1362.55
1381.1
1415.77
1347.41
1275.15
1323.97
1390.38
1395.75
1342.77
1320.8
1348.88
1367.19
1284.18
1239.99
1221.44
1195.31
1319.34
1314.7
1286.87
1215.82
1241.7
1319.82
1352.05
1294.19
1307.13
1281.01
1284.18
1404.79
1482.67
1503.17
1535.16
1606.45
1425.29
1406.49
1353.27
1442.63
1352.78
1178.96
1159.67
1271.48
1192.14
1149.66
1110.35
1320.07
1474.85
1482.67
1486.08
1492.43
1526.61
1590.82
1692.63
1700.44
1486.57
1267.82
1200.44
1197.75
1228.52
1204.1
1178.71
1133.3
1162.6
1211.18
1292.97
1329.35
1392.82
1422.36
1451.9
1479.74
1486.33
1431.64
1452.64
1410.89
1381.84
1212.16
1197.51
1222.17
1224.12
1184.33
1224.12
1283.69
1324.95
1313.72
1302.73
1312.01
1332.03
1274.66
1260.99
1306.4
1391.85
1399.41
1387.21
1481.2
1419.43
1590.82
1423.34
1426.76
1333.01
1403.56
1284.67
1316.16
1275.15
1094.24
1072.27
1224.85
1312.74
1363.28
1326.42
1418.95
1472.41
1572.02
1500.98
1451.42
1374.76
1401.86
1507.08
1526.37
1359.86
1250.24
1193.12
1367.43
1441.89
1328.86
1218.51
1160.4
1181.15
1266.36
1218.75
1175.54
1256.84
1287.6
1364.5
1318.6
1208.01
1278.32
1459.47
1640.63
1583.01
1392.09
1339.6
1385.99
1466.55
1386.96
1142.33
1155.52
1242.92
1320.8
1165.77
1078.37
953.12
1106.93
1278.32
1350.1
1255.62
1482.18
1546.88
1743.9
1804.93
1792.72
1644.04
1598.63
1514.89
1530.27
1208.98
1090.82
969.73
1021.24
970.95
969.73
986.57
1250.24
1406.98
1654.3
1625.73
1689.45
1828.37
1912.11
1856.93
1748.29
1425.78
1342.53
1242.43
1250.98
1083.98
927.25
941.65
1075.93
1121.58
1142.33
1154.79
1265.87
1342.04
1494.87
1588.87
1555.18
1631.59
1606.45
1581.05
1556.15
1500.49
1315.67
1263.43
1146.0
1126.22
1020.02
993.16
980.22
1025.63
1106.93
1231.69
1269.04
1343.26
1372.07
1614.01
1677.25
1840.82
1653.56
1630.37
1627.2
1535.16
1237.55
1103.03
1050.54
1147.71
1135.01
1091.55
1026.12
1054.2
1034.67
1245.85
1325.68
1492.68
1627.44
1696.53
1749.76
1794.68
1740.97
1673.58
1550.05
1483.89
1276.86
1118.41
1029.54
978.52
958.98
1035.16
1035.64
996.09
1210.21
1366.94
1510.74
1454.83
1451.17
1562.99
1711.43
1741.46
1558.11
1409.42
1361.82
1312.26
1265.14
1037.6
1000.98
1101.81
1103.76
1048.58
1053.22
1134.03
1197.02
1332.76
1506.59
1487.55
1344.48
1370.61
1475.34
1506.59
1493.65
1475.34
1531.74
1501.95
1402.83
1227.78
1152.1
1180.66
1249.51
1302.25
1302.0
1298.58
1313.48
1252.2
1330.32
1425.54
1450.93
1400.15
1429.93
1469.48
1484.13
1511.96
1490.97
1414.06
1269.78
1258.79
1393.31
1444.58
1303.22
1263.43
1337.4
1411.87
1358.64
1272.71
1270.02
1318.36
1361.08
1344.97
1373.05
1379.39
1368.41
1346.92
1314.7
1328.61
1323.97
1266.85
1236.08
1277.34
1316.16
1335.94
1332.52
1361.82
1410.64
1390.14
1319.09
1264.89
1301.03
1324.22
1350.1
1296.39
1229.25
1203.61
1214.6
1262.7
1338.13
1401.61
1442.63
1445.31
1464.6
1472.66
1455.57
1417.48
1398.68
1400.88
1498.78
1504.15
1316.41
1231.69
1223.88
1375.98
1367.68
1325.2
1289.55
1360.6
1342.29
1395.02
1467.29
1475.59
1409.18
1464.11
1517.58
1519.04
1346.92
1349.61
1369.14
1454.59
1372.8
1248.29
1221.19
1304.44
1280.27
1273.44
1271.73
1367.43
1438.48
1425.54
1303.96
1273.68
1193.12
1194.34
1242.43
1277.34
1271.24
1350.34
1340.33
1548.34
1508.3
1492.68
1409.42
1418.21
1383.79
1311.28
1149.9
1175.29
1297.85
1279.3
1041.02
1022.46
1082.76
1278.32
1340.09
1588.38
1625.98
1548.1
1456.3
1701.17
1725.59
1570.31
1222.17
1287.6
1441.65
1430.18
1106.93
980.71
1061.52
1095.95
1125.98
1140.14
1124.27
1328.37
1430.91
1697.51
1672.85
1600.59
1541.5
1636.72
1643.31
1559.57
1193.12
1253.17
1311.52
1262.94
1186.28
876.46
847.17
997.8
1181.88
1271.0
1237.79
1260.25
1546.63
1584.47
1513.92
1446.04
1535.4
1577.64
1555.18
1368.65
1383.54
1216.31
1196.04
1091.31
1180.18
1226.81
1046.14
975.83
1200.93
1263.67
1208.25
1165.53
1376.46
1487.3
1539.06
1506.35
1623.05
1803.22
1727.29
1577.15
1519.04
1497.8
1325.2
1150.63
1051.27
1073.49
1130.13
1041.02
1021.73
1058.84
1170.65
1311.77
1475.34
1595.7
1656.25
1788.57
1850.34
1715.09
1574.46
1471.92
1522.95
1397.46
1230.96
1142.82
1145.75
1144.78
1063.48
909.91
928.96
1008.79
1139.89
1305.42
1345.21
1423.1
1558.84
1598.88
1649.9
1634.03
1668.46
1538.57
1483.15
1354.25
1310.3
1107.67
1083.25
979.25
1010.74
1002.69
1047.61
1119.63
1187.26
1210.45
1421.14
1487.79
1448.97
1449.95
1495.36
1669.92
1675.78
1640.87
1567.38
1583.98
1440.92
1329.1
1275.39
1278.32
1011.72
1047.36
1136.23
1232.91
1030.27
1074.46
1199.95
1379.88
1544.19
1642.82
1625.98
1737.3
1761.72
1719.24
1596.92
1404.79
1350.1
1375.0
1195.8
1154.3
1064.7
1110.35
1092.29
1157.96
1201.17
1281.25
1291.75
1396.0
1419.92
1513.18
1483.64
1468.26
1387.94
1391.11
1393.8
1395.75
1325.2
1299.32
1213.87
1238.53
1242.43
1209.72
1176.51
1214.11
1295.41
1404.3
1378.66
1256.59
1259.77
1304.44
1378.66
1387.21
1407.96
1366.94
1412.84
1431.15
1453.13
1358.4
1390.38
1317.38
1419.68
1384.52
1387.45
1320.07
1343.99
1395.51
1363.28
1317.87
1277.83
1298.83
1401.37
1390.87
1412.11
1464.6
1480.47
1426.03
1419.43
1358.64
1356.2
1339.6
1358.64
1390.14
1391.11
1394.04
1273.44
1267.33
1316.65
1346.44
1353.27
1302.49
1302.73
1349.61
1351.56
1341.55
1346.44
1323.49
1292.24
1324.95
1364.01
1352.54
1231.2
1215.09
1289.79
1355.22
1329.35
1267.09
1281.49
1390.63
1395.75
1366.94
1342.29
1250.98
1200.2
1235.35
1368.65
1367.92
1323.0
1337.16
1428.71
1470.7
1408.2
1392.33
1420.17
1433.11
1450.44
1403.08
1384.28
1326.66
1259.77
1194.34
1296.63
1301.76
1201.66
1102.29
1253.42
1376.46
1487.55
1455.32
1449.71
1486.08
1524.17
1470.46
1438.23
1415.53
1459.23
1420.9
1337.4
1224.37
1138.67
1118.41
1204.83
1232.18
1175.54
1134.03
1208.01
1293.95
1329.1
1315.19
1364.75
1458.74
1537.35
1459.96
1361.33
1348.39
1382.08
1388.43
1320.56
1295.41
1351.07
1270.75
1150.15
1058.11
1044.43
1049.56
1097.17
1214.11
1275.63
1383.06
1435.3
1576.42
1622.8
1668.46
1589.84
1551.51
1511.96
1449.71
1341.8
1191.16
1132.81
1275.63
1260.99
1075.2
962.89
1229.49
1378.91
1393.8
1246.58
1294.68
1674.07
1784.67
1761.47
1640.14
1455.81
1367.43
1434.57
1471.92
1396.48
1227.29
1186.04
1272.46
1240.23
1137.7
995.85
1114.75
1287.11
1343.75
1350.83
1414.79
1564.7
1613.28
1537.6
1495.36
1481.69
1463.38
1374.51
1257.57
1206.05
1223.14
1137.94
1117.19
1069.34
1147.22
1235.6
1269.04
1242.19
1401.12
1493.65
1549.8
1514.16
1456.54
1491.94
1535.64
1530.52
1460.69
1361.82
1326.42
1271.73
1243.65
1224.61
1190.67
1203.13
1255.37
1307.62
1326.17
1321.53
1435.55
1523.44
1607.18
1621.58
1513.92
1491.94
1504.39
1483.4
1402.34
1317.38
1293.95
1295.65
1293.21
1239.01
1250.49
1272.46
1277.34
1261.47
1287.84
1345.95
1376.95
1403.56
1406.25
1443.12
1445.31
1401.37
1404.3
1427.0
1432.13
1388.92
1282.47
1229.49
1137.7
1081.3
1075.2
1104.25
1153.56
1191.16
1251.22
1339.11
1392.82
1437.01
1471.19
1487.79
1486.33
1385.74
1360.84
1343.75
1338.38
1309.33
1258.06
1274.9
1221.19
1209.23
1268.55
1331.05
1316.16
1302.25
1312.26
1313.96
1284.42
1302.49
1332.03
1362.55
1352.54
1439.21
1528.56
1516.11
1446.53
1436.04
1405.76
1438.96
1457.76
1424.07
1354.0
1249.02
1182.37
1167.24
1148.93
1173.58
1244.38
1246.34
1235.84
1212.89
1323.49
1422.12
1544.68
1566.89
1537.84
1493.16
1509.52
1524.41
1449.46
1264.4
1193.85
1160.4
1173.34
1153.81
989.5
933.11
1061.77
1195.07
1320.31
1305.18
1367.92
1527.1
1623.54
1640.38
1581.79
1462.16
1478.03
1472.17
1358.64
1274.41
1181.15
1178.47
1306.4
1294.19
1184.81
1142.82
1208.98
1443.12
1507.57
1475.83
1430.91
1347.17
1388.92
1468.51
1476.56
1476.56
1424.32
1446.29
1448.24
1432.37
1355.47
1386.96
1425.29
1516.85
1473.39
1394.04
1297.12
1210.21
1215.09
1266.36
1226.56
1221.19
1230.22
1324.22
1408.45
1490.23
1429.69
1476.32
1456.79
1447.02
1455.81
1418.21
1416.02
1334.23
1328.61
1285.4
1226.32
1206.05
1150.15
1105.96
1098.39
1187.99
1327.15
1249.76
1215.82
1384.03
1472.41
1504.64
1450.44
1397.95
1413.57
1535.89
1413.57
1366.94
1199.46
1284.67
1311.77
1354.74
1236.33
1170.65
1123.54
1201.66
1333.98
1554.2
1499.02
1389.89
1339.84
1510.74
1447.51
1394.04
1307.86
1415.77
1460.21
1454.1
1277.83
1232.67
1305.66
1461.67
1482.18
1391.11
1273.68
1107.67
1059.81
1211.43
1438.72
1403.56
1341.31
1408.45
1516.11
1522.22
1315.19
1407.23
1361.08
1428.96
1395.75
1382.32
1204.1
1081.54
1068.6
1237.79
1144.04
1090.58
1068.36
1141.6
1331.54
1480.47
1535.64
1540.77
1416.26
1621.58
1564.45
1524.9
1288.82
1150.88
1139.89
1403.56
1259.03
1157.96
960.45
1120.12
1251.71
1352.29
1324.95
1417.97
1487.3
1373.05
1389.65
1704.59
1595.95
1348.88
1233.89
1653.56
1687.74
1421.63
1055.42
1179.69
1348.39
1395.75
1232.67
1208.98
1208.5
1384.77
1469.48
1517.33
1362.55
1254.15
1286.13
1490.23
1492.92
1415.04
1312.99
1450.93
1492.68
1438.72
1192.14
1212.65
1367.19
1405.76
1325.2
1251.95
1293.21
1293.21
1313.72
1191.65
1193.85
1138.18
1213.87
1297.12
1359.38
1356.69
1481.69
1463.38
1460.94
1467.77
1494.38
1405.03
1353.03
1324.71
1361.33
1334.96
1258.3
1143.07
1145.51
1162.84
1309.33
1340.58
1424.56
1367.19
1362.55
1549.8
1568.6
1401.12
1355.22
1514.16
1556.88
1479.98
1336.18
1267.33
1359.62
1417.24
1399.17
1333.74
1312.5
1347.66
1502.44
1489.75
1230.71
1133.3
1158.2
1344.73
1335.69
1294.43
1276.61
1442.87
1545.9
1498.54
1361.08
1387.7
1466.31
1528.32
1431.64
1377.69
1318.6
1293.7
1243.9
1155.76
1099.61
1093.26
1093.75
1171.39
1179.93
1166.99
1274.66
1392.09
1546.88
1568.6
1465.82
1468.99
1428.71
1418.21
1376.22
1300.54
1302.25
1285.16
1206.3
1082.28
1090.82
1216.06
1394.53
1448.49
1379.64
1343.75
1355.47
1429.93
1508.3
1364.26
1309.81
1347.66
1393.8
1412.84
1306.64
1229.0
1374.51
1467.04
1505.86
1415.04
1303.71
1324.71
1519.53
1505.62
1286.62
1177.73
1233.89
1321.53
1314.45
1286.87
1278.56
1328.37
1367.68
1407.71
1406.49
1379.15
1373.05
1386.47
1456.54
1408.2
1317.87
1291.26
1335.45
1329.83
1306.64
1167.72
1185.55
1245.12
1284.18
1225.59
1328.61
1399.41
1417.48
1318.36
1239.26
1254.39
1372.31
1423.34
1410.4
1442.63
1437.01
1342.77
1290.04
1294.19
1373.05
1504.64
1453.37
1375.24
1314.7
1329.1
1380.37
1409.18
1313.96
1286.62
1277.83
1296.14
1291.02
1314.21
1295.41
1285.4
1367.92
1565.19
1593.75
1547.36
1534.91
1598.14
1614.01
