799.32
818.12
871.09
1100.83
1264.16
1549.07
1683.35
1619.38
1700.68
1963.38
1999.94
1999.94
1575.44
1362.79
1241.21
1165.04
1018.55
706.79
687.26
725.1
798.58
923.58
997.31
1259.28
1365.97
1463.38
1803.96
1871.83
1864.5
1706.05
1639.89
1617.68
1423.83
1121.83
1041.02
1021.0
1058.11
999.27
1018.55
948.73
945.07
985.84
1347.9
1505.13
1640.87
1573.73
1630.62
1693.85
1850.1
1756.1
1534.18
1345.46
1410.16
1510.01
1440.92
1204.59
1067.87
998.05
1048.83
1143.07
1343.99
1427.98
1418.46
1458.01
1521.48
1565.19
1479.25
1445.56
1435.06
1521.0
1416.26
1454.1
1453.61
1390.87
1280.03
1304.44
1310.79
1227.78
1071.29
1124.76
1264.65
1322.75
1284.18
1299.8
1251.95
1157.96
1187.01
1300.29
1301.03
1373.05
1496.09
1499.76
1420.17
1386.47
1497.31
1634.28
1474.61
1381.35
1141.11
1250.73
1272.95
1360.11
1245.61
1064.94
1086.67
1290.04
1391.11
1405.76
1323.24
1426.03
1494.14
1615.72
1483.64
1397.46
1372.31
1506.35
1597.41
1503.17
1331.54
1177.73
1271.73
1474.85
1458.01
1337.4
1230.47
1258.79
1236.08
1188.48
1161.62
1165.77
1137.21
1283.2
1411.38
1560.06
1449.22
1294.68
1313.96
1505.13
1604.25
1351.56
1247.56
1275.15
1373.29
1391.85
1174.07
1123.54
1075.2
1108.4
1200.2
1205.08
1187.74
1147.46
1227.78
1319.58
1406.98
1469.48
1539.55
1573.49
1698.73
1604.0
1585.45
1499.27
1471.19
1323.0
1226.81
1162.84
1178.22
1051.27
1089.84
1069.34
1221.92
1174.56
1193.12
1345.7
1685.55
1773.93
1699.46
1604.74
1606.45
1522.95
1512.21
1458.98
1410.89
1317.63
1303.47
1224.85
1155.27
1000.73
876.71
943.6
1048.1
1133.3
1238.04
1349.37
1437.99
1542.24
1649.66
1613.53
1556.64
1689.21
1617.19
1480.96
1376.46
1319.58
1128.42
998.78
779.79
825.2
944.82
1009.52
1105.47
1196.78
1397.95
1604.74
1698.73
1813.72
1809.33
1822.27
1768.31
1670.17
1481.45
1464.36
1326.17
1201.9
1074.46
973.39
1102.78
1049.32
1015.14
1174.07
1314.45
1483.15
1438.72
1492.68
1514.89
1811.28
1936.77
1927.73
1545.41
1378.42
1438.96
1454.59
1280.03
1139.4
965.82
909.91
852.78
989.5
1026.12
1199.46
1233.15
1350.1
1449.22
1650.39
1771.97
1750.73
1689.45
1691.89
1547.61
1408.2
1186.52
1197.02
1206.54
1079.83
1031.98
921.14
828.86
947.75
1138.67
1369.63
1423.34
1418.7
1692.63
1682.86
1807.37
1832.52
1853.27
1560.3
1522.71
1410.64
1355.71
1101.81
1014.65
969.97
1023.44
963.62
1037.35
1134.77
1379.88
1426.51
1481.69
1613.77
1750.24
1767.33
1740.23
1581.79
1488.04
1249.76
1188.72
1114.75
1108.15
1019.53
989.26
998.78
1093.75
1138.92
1288.82
1377.93
1487.79
1499.76
1439.21
1442.87
1442.63
1443.36
1358.15
1267.58
1264.65
1163.82
1055.42
1034.42
1031.49
1123.78
1229.98
1322.02
1315.67
1393.55
1440.19
1591.06
1580.32
1562.5
1548.1
1550.78
1509.28
1474.37
1367.43
1235.35
1073.49
1026.37
1076.9
1068.12
967.04
948.24
1297.36
1620.36
1738.53
1772.71
1787.84
1792.97
1759.77
1640.87
1533.69
1479.25
1230.71
1143.8
1100.59
986.82
769.78
695.56
775.39
1141.6
1367.19
1602.54
1564.94
1601.81
1668.7
1711.67
1678.71
1614.01
1428.22
1312.5
1302.98
1346.92
1123.54
1046.88
938.96
1033.45
1085.69
1162.35
1097.41
1196.04
1214.84
1405.27
1533.45
1577.64
1701.9
1697.51
1969.73
1999.94
1810.3
1661.87
1396.48
1365.48
1267.82
1028.81
838.87
736.57
752.69
955.81
1046.63
1115.23
1423.1
1641.36
1985.35
1999.94
1999.94
1999.94
1871.58
1668.46
1603.52
1312.99
1050.05
831.3
766.36
775.15
803.22
848.88
869.38
932.62
1183.84
1297.61
1594.48
1726.07
1826.9
1917.48
1878.42
1848.39
1713.87
1528.32
1448.97
1323.24
1146.48
931.64
761.47
701.42
646.0
640.87
800.54
953.37
1206.3
1600.34
1867.92
1999.94
1999.94
1999.94
1999.94
1964.36
1946.78
1539.06
1222.41
888.43
543.46
330.32
324.22
349.85
698.49
941.89
1118.41
1475.1
1812.74
1999.94
1999.94
1999.94
1999.94
1999.94
1646.97
1388.43
1228.27
976.56
571.78
304.44
277.34
410.89
542.48
747.07
822.02
1190.92
1455.81
1999.94
1999.94
1999.94
1999.94
1999.94
1874.51
1696.29
1422.36
1253.91
809.57
565.92
478.27
415.53
308.35
426.51
577.88
1135.5
1396.24
1782.71
1999.94
1999.94
1999.94
1999.94
1999.94
1999.94
1682.13
1576.17
1119.87
692.38
583.5
376.22
368.41
625.0
849.61
993.9
1093.26
1400.88
1999.94
1999.94
1999.94
1999.94
1999.94
1999.94
1768.8
1421.63
1186.28
1011.47
906.49
803.96
662.35
558.11
662.6
670.17
968.51
1129.64
1451.66
1576.9
1727.29
1831.54
1999.94
1999.94
1999.94
1910.16
1810.3
1376.71
1241.21
938.23
732.91
540.28
477.05
542.24
1012.94
1056.88
1152.1
1250.0
1671.63
1999.94
1999.94
1999.94
1999.94
1999.94
1951.66
1589.84
1468.99
1118.16
916.02
801.27
875.0
927.73
959.72
974.12
1124.02
1383.06
1457.28
1638.18
1638.67
1720.7
1744.63
1691.16
1713.87
1618.9
1580.57
1365.97
1199.22
1152.1
1064.45
1023.19
961.91
988.53
979.49
1085.45
1136.72
1256.84
1403.56
1485.11
1587.16
1620.61
1675.29
1597.66
1481.93
1414.79
1355.22
1291.26
1071.29
1115.48
1049.32
1066.65
1086.91
1172.85
1274.17
1446.78
1535.16
1647.46
1650.15
1603.03
1595.46
1566.41
1475.1
1364.26
1219.24
1154.79
995.12
940.67
997.8
1314.45
1328.13
1396.24
1451.42
1605.22
1531.74
1508.79
1520.75
1564.7
1435.79
1332.28
1178.47
1130.62
1030.03
979.0
1042.24
1163.33
1136.47
1245.85
1279.79
1386.23
1407.71
1496.09
1414.06
1419.19
1395.02
1407.96
1331.05
1336.91
1361.82
1244.38
1173.58
1078.37
1069.09
1246.09
1311.28
1252.2
1194.58
1281.01
1471.44
1604.49
1665.53
1661.87
1643.55
1683.59
1635.25
1460.45
1314.94
1187.26
1213.13
1155.76
1076.9
958.01
1038.09
1171.88
1443.36
1560.79
1677.49
1723.63
1770.75
1793.95
1735.84
1636.47
1618.65
1404.79
1217.04
927.25
816.65
892.09
905.27
988.04
1152.83
1190.19
1314.94
1465.58
1626.95
1678.22
1601.81
1693.85
1643.07
1475.1
1378.91
1450.68
1396.97
1225.59
982.42
1013.18
956.3
963.62
1063.48
1181.64
1260.74
1317.38
1472.9
1802.49
1803.47
1832.52
1771.97
1706.54
1724.61
1572.27
1488.77
1226.32
1023.19
949.71
835.94
891.36
951.17
1166.26
1384.28
1630.86
1677.73
1733.15
1776.86
1909.91
1879.39
1641.85
1519.04
1284.91
1090.82
974.12
854.0
830.32
990.23
1069.58
1155.03
1284.18
1346.92
1504.39
1515.14
1559.81
1566.65
1580.81
1507.32
1364.75
1302.98
1355.47
1295.9
1254.64
1176.76
1065.19
944.34
1006.84
1118.65
1380.13
1323.97
1274.41
1256.1
1515.87
1635.5
1709.47
1713.62
1740.72
1679.69
1636.47
1371.83
1206.79
1031.74
1000.98
881.35
948.97
916.26
1094.24
1125.73
1523.19
1638.18
1706.3
1680.42
1802.98
1866.21
1792.97
1457.03
1429.44
1181.64
1008.79
861.33
804.69
803.71
888.43
910.4
1129.15
1289.06
1607.91
1503.91
1488.77
1529.3
1564.7
1508.54
1551.76
1516.36
1444.82
1261.72
1146.48
1097.66
958.5
924.32
1091.31
1217.53
1189.94
1178.96
1176.03
1317.87
1376.22
1521.48
1595.21
1682.86
1743.9
1715.33
1661.38
1604.98
1591.55
1570.56
1349.37
1164.06
829.59
916.75
942.38
1132.81
1214.11
1315.43
1303.22
1353.27
1500.98
1764.4
1945.07
1990.23
1899.9
1752.2
1427.73
1344.48
1205.08
1070.8
852.29
723.39
736.82
1096.19
1118.41
1166.99
1225.1
1377.44
1533.2
1550.05
1621.34
1744.63
1796.14
1819.58
1476.07
1420.65
1286.62
1278.08
1185.79
1148.44
1044.43
1063.96
1096.68
1125.0
1020.26
1094.48
1312.01
1432.37
1564.94
1617.43
1875.98
1999.94
1999.94
1835.45
1672.61
1505.62
1368.65
1069.09
995.12
982.91
828.61
683.59
718.02
899.41
1292.72
1444.58
1708.5
1796.88
1999.94
1999.94
1999.94
1752.44
1627.69
1269.29
1128.66
954.83
872.31
716.31
703.37
771.48
1040.04
1046.14
1086.91
1216.8
1663.33
1741.7
1755.86
1690.43
1675.05
1536.62
1418.95
1442.63
1382.81
1077.64
1059.08
1138.67
1231.69
1101.81
868.9
879.64
1087.4
1323.49
1334.96
1557.37
1619.14
1705.32
1766.11
1875.0
1832.03
1604.25
1492.19
1481.93
1247.8
1151.12
1058.11
1031.98
890.62
877.2
997.31
1071.78
1180.91
1537.35
1710.94
1769.29
1759.52
1611.57
1438.23
1347.41
1383.79
1265.14
1090.09
1096.44
1342.29
1206.05
1152.83
973.39
1056.4
1136.23
1230.96
1302.73
1379.39
1306.15
1418.21
1262.45
1247.8
1256.84
1408.2
1389.4
1437.5
1547.61
1671.39
1487.55
1324.95
1358.15
1233.89
1100.59
967.53
1224.12
1338.38
1421.39
1478.52
1527.34
1426.03
1391.85
1417.48
1506.84
1430.18
1389.16
1440.92
1344.73
1317.38
1231.93
1320.56
1165.77
1321.53
1469.48
1708.5
1668.7
1537.6
1405.52
1252.2
1111.08
1083.25
1076.17
1047.36
1027.59
1157.47
1307.37
1478.27
1444.58
1526.37
1487.06
1609.13
1619.63
1649.9
1511.96
1401.86
1310.55
1200.2
881.1
846.19
987.3
1174.8
1277.59
1286.13
1394.53
1430.42
1415.04
1559.33
1612.79
1714.11
1674.07
1729.98
1784.91
1721.44
1490.48
1384.77
1329.83
1263.18
1044.92
1006.59
985.35
1067.14
1138.18
1278.08
1332.76
1339.84
1398.19
1715.82
1800.54
1941.89
1900.63
1921.14
1637.7
1476.32
1234.13
1057.62
844.24
713.38
715.58
878.42
927.0
1076.66
1127.2
1354.49
1524.17
1644.53
1763.67
1755.86
1787.11
1740.48
1660.89
1573.24
1248.54
1042.72
932.86
960.69
958.5
971.68
976.56
976.07
988.04
1154.3
1453.61
1556.88
1679.69
1749.27
1868.41
1927.73
1774.41
1717.04
1610.11
1370.61
1242.19
998.54
898.19
768.55
746.09
804.2
922.36
1039.79
1410.64
1589.84
1656.98
1692.63
1759.03
1833.01
1733.4
1595.46
1460.94
1253.66
1094.97
990.97
931.4
758.54
750.0
858.64
1038.33
1150.88
1245.36
1295.9
1419.19
1489.75
1578.37
1599.37
1530.03
1567.38
1499.76
1499.02
1394.53
1276.86
1126.95
1131.84
1004.15
1010.74
919.92
1011.23
1051.03
1186.04
1302.98
1559.08
1623.54
1778.81
1855.71
1979.98
1956.05
1920.9
1562.74
1418.95
1088.62
1050.54
890.62
891.36
807.86
821.53
983.4
1301.03
1443.85
1612.3
1726.56
1920.65
1940.67
1903.56
1756.59
1639.16
1346.92
1211.18
976.07
998.29
926.27
925.78
987.55
1090.09
1214.6
1392.58
1509.03
1573.0
1608.89
1669.92
1584.72
1488.28
1416.75
1439.21
1405.76
1351.56
1237.79
1178.22
1117.68
1137.7
1201.42
1324.71
1371.34
1443.85
1628.66
1651.37
1638.18
1620.61
1708.25
1713.87
1626.95
1554.44
1349.85
1197.27
1039.55
984.62
1005.86
1088.62
1126.71
1215.09
1362.79
1614.5
1842.29
1882.81
1765.38
1737.55
1731.69
1644.53
1356.69
1135.99
778.32
693.36
717.77
747.8
851.56
1080.57
1227.29
1438.72
1633.06
1853.27
1896.73
1872.31
1764.89
1671.14
1384.77
1189.45
1057.13
959.96
900.63
812.01
823.24
945.07
1005.37
1144.29
1188.48
1585.94
1742.92
1751.95
1710.69
1656.74
1734.86
1704.1
1612.3
1446.53
1371.09
1238.77
1177.73
1045.9
942.14
869.14
802.73
903.08
1103.52
1260.01
1418.21
1556.88
1651.61
1688.48
1710.69
1896.73
1913.82
1598.39
1377.69
1171.88
1074.22
941.16
754.88
534.91
462.65
621.58
989.26
1210.69
1507.57
1600.83
1792.24
1806.15
1810.3
1713.87
1755.62
1596.44
1391.85
973.63
1007.32
800.54
809.81
721.44
1051.03
989.99
1098.39
1092.53
1729.49
1866.46
1899.17
1581.54
1704.1
1773.44
1768.31
1509.52
1471.92
1213.13
1056.15
968.75
1073.73
1084.96
1180.18
1150.88
1273.44
1319.58
1341.31
1504.88
1645.75
1792.48
1782.23
1592.53
1591.06
1518.07
1507.57
1359.62
1112.55
992.92
868.9
928.22
978.76
1176.76
1191.65
1319.09
1435.3
1691.65
1771.0
1689.45
1705.08
1690.19
1607.42
1530.76
1237.3
1128.91
998.78
955.57
977.54
1028.32
1037.6
1362.55
1484.62
1810.3
1816.65
1747.31
1793.21
1891.85
1857.91
1716.06
1347.66
1322.51
1142.58
1176.03
996.09
939.45
944.58
1086.67
1192.87
1540.28
1609.62
1657.96
1678.47
1696.53
1777.59
1788.09
1670.17
1634.28
1423.58
1350.34
1180.91
1054.2
941.16
718.75
692.63
776.61
981.45
1407.23
1454.83
1380.62
1536.87
1766.6
1690.43
1599.37
1623.54
1813.96
1709.23
1441.16
1116.46
957.76
909.18
782.96
786.87
799.07
889.4
1146.24
1535.4
1613.28
1639.16
1640.14
1672.12
1639.4
1834.72
1745.36
1571.29
1310.06
1222.9
1001.22
924.56
912.11
1025.88
1136.72
1129.88
1079.59
1225.34
1388.67
1587.4
1589.6
1628.42
1572.75
1496.83
1349.37
1417.72
1471.19
1315.67
1182.37
1054.2
1090.33
1107.91
961.67
829.35
817.38
1038.09
1117.68
1306.15
1350.34
1511.72
1669.92
1703.37
1766.36
1605.71
1318.85
1347.41
1456.79
1422.36
1010.74
758.54
782.47
995.12
1093.75
1083.5
1142.09
1429.93
1781.98
1751.46
1751.22
1698.97
1761.96
1821.04
1661.87
1609.13
1358.89
1018.31
1009.52
1005.86
1062.99
1043.46
1041.26
1171.39
1501.95
1505.86
1638.43
1653.81
1761.47
1860.84
1785.16
1627.69
1266.11
1227.78
1320.56
1320.8
1232.91
1004.39
982.67
1087.65
1186.28
1342.04
1272.71
1252.44
1275.39
1389.4
1509.03
1485.84
1532.96
1654.54
1616.21
1510.25
1515.63
1527.1
1431.4
1272.95
1177.49
1061.28
1047.36
1105.22
1138.43
1144.29
1312.01
1445.56
1563.96
1691.41
1751.95
1851.07
1884.03
1788.82
1671.88
1339.84
1184.33
1116.7
1081.79
1130.13
1191.16
1185.06
1140.87
1192.63
1396.73
1626.71
1650.39
1550.54
1519.29
1516.36
1599.61
1554.44
1519.04
1283.45
1104.49
1077.64
1186.28
1239.5
1131.84
1050.54
1021.24
1211.43
1244.38
1241.7
1289.55
1489.01
1601.07
1630.13
1667.24
1489.26
1471.44
1409.91
1391.85
1221.92
1079.1
1044.68
1068.85
1042.97
1081.3
1131.84
1271.73
1447.51
1617.92
1589.6
1650.63
1676.03
1610.6
1507.57
1373.29
1276.86
1286.62
1229.98
1169.19
1168.7
1249.27
1282.96
1246.34
1161.87
1195.07
1408.69
1432.86
1438.48
1300.54
1340.58
1396.97
1386.23
1353.27
1349.61
1360.35
1430.18
1461.18
1329.1
1199.22
929.93
880.86
1009.03
1070.56
1058.35
1021.24
1127.2
1373.29
1447.27
1528.56
1562.99
1710.94
1671.88
1496.09
1356.69
1249.51
1205.32
1146.24
1094.97
1070.07
980.47
1062.01
1155.03
1420.17
1525.88
1547.61
1547.61
1602.78
1606.93
1467.77
1448.24
1505.13
1477.78
1334.23
1187.26
1230.96
1312.74
1208.74
1210.45
1361.82
1494.87
1460.21
1346.92
1162.6
1253.91
1458.5
1408.69
1336.91
1307.86
1269.53
1442.63
1521.73
1618.9
1384.28
1309.81
1354.98
1382.08
1265.63
1166.02
959.96
1017.82
1136.72
1207.76
1230.71
1273.44
1384.52
1570.56
1636.47
1590.33
1521.73
1518.55
1629.39
1642.09
1497.31
1336.91
1140.14
1115.97
1244.63
1301.76
1292.48
1322.27
1392.82
1475.59
1383.54
1205.81
1290.77
1493.41
1635.01
1597.66
1643.31
1568.85
1467.53
1505.86
1566.16
1556.88
1436.52
1214.11
1150.88
1176.27
1160.64
1160.89
1115.48
1105.96
1253.91
1346.92
1476.81
1523.19
1641.11
1696.78
1629.39
1461.91
1330.57
1140.87
1129.39
1142.09
1085.94
998.05
1031.74
1241.7
1296.39
1321.29
1346.68
1361.82
1438.23
1476.81
1585.21
1493.16
1415.53
1243.65
1260.01
1266.85
1271.97
1257.57
1304.93
1432.86
1471.19
1440.67
1412.6
1316.16
1285.64
1265.14
1372.8
1266.85
1229.98
1281.74
1428.47
1569.09
1550.05
1391.36
1401.86
1399.17
1401.37
1364.75
1369.63
1327.64
1175.78
1056.4
1115.72
1194.82
1302.98
1237.79
1258.3
1418.7
1456.3
1421.88
1365.23
1325.68
1185.55
1126.95
1089.36
1107.42
1303.47
1335.45
1396.24
1426.27
1466.8
1296.63
1257.32
1305.42
1290.77
1211.43
1120.61
1188.48
1300.78
1350.59
1308.35
1359.38
1519.04
1531.25
1289.31
1349.61
1758.54
1722.66
1517.82
995.36
1031.74
1106.69
1239.99
1242.19
1226.32
1231.69
1337.65
1482.42
1672.12
1607.91
1438.72
1339.84
1421.88
1523.68
1487.55
1300.54
1268.55
1215.33
1181.88
1040.28
1125.24
1177.49
1297.12
1246.34
1229.25
1272.95
1395.26
1418.21
1473.88
1642.33
1569.58
1458.5
1411.87
1439.94
1464.6
1325.68
1263.18
1003.91
902.1
938.23
1051.03
1148.19
1298.58
1410.89
1512.21
1528.81
1627.69
1876.46
1862.79
1701.42
1680.66
1622.56
1587.89
1243.9
1084.96
1039.06
1057.86
1023.68
1045.41
1171.88
1416.5
1436.04
1494.63
1611.08
1695.56
1667.97
1685.79
1771.97
1769.53
1529.3
1285.89
1216.55
1234.13
1138.43
1026.61
1007.81
1029.54
1005.13
1025.15
1156.01
1266.11
1504.15
1603.52
1715.82
1791.5
1753.66
1685.79
1604.0
1493.41
1364.5
1226.81
1034.67
901.61
856.93
818.36
753.17
814.21
1159.18
1328.86
1610.6
1688.23
1858.4
1935.06
1888.92
1890.63
1900.39
1684.33
1517.09
1113.28
1057.37
969.97
722.41
719.73
845.95
900.63
1056.15
1160.89
1469.97
1613.04
1738.53
1884.03
1914.55
1760.5
1715.58
1796.63
1549.56
1392.58
1256.1
1217.04
991.21
837.65
580.81
476.32
590.58
903.32
993.9
928.22
1123.78
1615.72
1888.43
1999.94
1999.94
1999.94
1999.94
1868.41
1566.16
1372.31
1093.26
903.08
391.36
150.39
181.88
416.5
507.32
919.68
1167.97
1802.73
1999.94
1999.94
1999.94
1999.94
1999.94
1999.94
1859.13
1767.58
1164.06
582.76
418.7
421.39
439.7
557.86
613.04
866.46
1045.41
1368.65
1887.21
1999.94
1999.94
1999.94
1999.94
1999.94
1954.35
1635.74
1393.55
1169.19
1025.88
703.12
545.9
397.95
421.63
544.92
869.38
1030.52
1248.05
1291.99
1848.63
1965.09
1999.94
1999.94
1999.94
1999.94
1999.94
1603.52
1491.7
913.57
841.06
344.97
354.98
211.67
528.56
497.31
938.48
1062.26
1674.8
1999.94
1999.94
1999.94
1999.94
1999.94
1999.94
1999.94
1865.48
1020.51
636.47
495.36
212.65
166.99
446.29
561.77
945.56
1452.88
1570.8
1835.69
1999.94
1999.94
1999.94
1999.94
